
Vnominal = 11
BusSE    = 0

          
       Bus         PD        QD       QC
        0          0          0     0.000 
        1          0          0     0.000
        2     133.84     101.14     0.000
        3     16.214     11.292     0.000
        4     34.315     21.845     0.000
        5     73.016     63.602     0.000
        6      144.2     68.604     0.000
        7     104.47     61.725     0.000
        8     28.547     11.503     0.000
        9      87.56     51.073     0.000
       10      198.2     106.77     0.000
       11      146.8     75.995     0.000
       12      26.04     18.687     0.000
       13       52.1      23.22     0.000
       14      141.9      117.5     0.000
       15      21.87      28.79     0.000
       16      33.37      26.45     0.000
       17      32.43      25.23     0.000
       18     20.234     11.906     0.000
       19     156.94     78.523     0.000
       20     546.29      351.4     0.000
       21     180.31      164.2     0.000
       22     93.167     54.594     0.000
       23      85.18      39.65     0.000
       24      168.1     95.178     0.000
       25     125.11     150.22     0.000
       26      16.03      24.62     0.000
       27      26.03      24.62     0.000
       29     594.56     522.62     0.000
       30     120.62     59.117     0.000
       31     102.38     99.554     0.000
       32      513.4      318.5     0.000
       33     475.25     456.14     0.000
       34     151.43     136.79     0.000
       35     205.38     83.302     0.000
       36      131.6     93.082     0.000
       37      448.4     369.79     0.000
       38     440.52     321.64     0.000
       40     112.54     55.134     0.000
       41     53.963     38.998     0.000
       42     393.05      342.6     0.000
       43     326.74     278.56     0.000
       44     536.26     240.24     0.000
       45     76.247     66.562     0.000
       46      53.52      39.76     0.000
       47     40.328     31.964     0.000
       48     39.653     20.758     0.000
       49     66.195     42.361     0.000
       50     73.904     51.653     0.000
       51     114.77     57.965     0.000
       52     918.37     1205.1     0.000
       53      210.3     146.66     0.000
       54      66.68     56.608     0.000
       55     42.207     40.184     0.000
       56     433.74     283.41     0.000
       58       62.1      26.86     0.000
       59      92.46      88.38     0.000
       60     85.188     55.436     0.000
       61      345.3      332.4     0.000
       62       22.5      16.83     0.000
       63     80.551     49.156     0.000
       64      95.86     90.758     0.000
       65      62.92       47.7     0.000
       66      478.8     463.74     0.000
       67     120.94     52.006     0.000
       68     139.11     100.34     0.000
       69     391.78      193.5     0.000
       70     27.741     26.713     0.000
       71     52.814     25.257     0.000
       72      66.89     38.713     0.000
       73      467.5     395.14     0.000
       74     594.85     239.74     0.000
       75      132.5     84.363     0.000
       76     52.699     22.482     0.000
       77     869.79    614.775     0.000
       78     31.349     29.817     0.000
       79     192.39     122.43     0.000
       80      65.75      45.37     0.000
       81     238.15     223.22     0.000
       82     294.55     162.47     0.000
       83     485.57     437.92     0.000
       84     243.53     183.03     0.000
       85     243.53     183.03     0.000
       86     134.25     119.29     0.000
       87      22.71      27.96     0.000
       88     49.513     26.515     0.000
       89     383.78     257.16     0.000
       90      49.64       20.6     0.000
       91     22.473     11.806     0.000
       93      62.93      42.96     0.000
       94      30.67      34.93     0.000
       95      62.53      66.79     0.000
       96     114.57     81.748     0.000
       97     81.292     66.526     0.000
       98     31.733      15.96     0.000
       99      33.32      60.48     0.000
      100     531.28     224.85     0.000
      101     507.03     367.42     0.000
      102      26.39       11.7     0.000
      103      45.99     30.392     0.000
      105     100.66     47.572     0.000
      106     456.48      350.3     0.000
      107     522.56     449.29     0.000
      108     408.43     168.46     0.000
      109     141.48     134.25     0.000
      110     104.43     66.024     0.000
      111     96.793     83.647     0.000
      112     493.92     419.34     0.000
      113     225.38     135.88     0.000
      114     509.21     387.21     0.000
      115      188.5     173.46     0.000
      116     918.03     898.55      0.000
      117     305.08     215.37     0.000
      118      54.38      40.97     0.000
      119     211.14      192.9     0.000
      120     67.009     53.336     0.000
      121     162.07     90.321     0.000
      122     48.785     29.156     0.000
      123       33.9      18.98     0.000
      
     


       Send   Recv    line         R         X
         0       1      1          0         0
         1       2      2     0.0360    0.0130
         2       3      3     0.0330    0.0119
         2       4      4     0.0450    0.0162
         4       5      5     0.0150    0.0540
         5       6      6     0.0150    0.0540
         6       7      7     0.0150    0.0125
         7       8      8     0.0180    0.0140
         8       9      9     0.0210    0.0630
         2      10     10     0.1660    0.1344
        10      11     11     0.1120    0.0789
        11      12     12     0.1870    0.3130
        12      13     13     0.1420    0.1512
        13      14     14     0.1800    0.1180
        14      15     15     0.1500    0.0450
        15      16     16     0.1600    0.1800
        16      17     17     0.1570    0.1710
        11      18     18     0.2180    0.2850
        18      19     19     0.1180    0.1850
        19      20     20     0.1600    0.1960
        20      21     21     0.1200    0.1890
        21      22     22     0.1200    0.0789
        22      23     23     1.4100    0.7230
        23      24     24     0.2930    0.1348
        24      25     25     0.1330    0.1040
        25      26     26     0.1780    0.1340
        26      27     27     0.1780    0.1340
         4      29     28     0.0150    0.0296
        29      30     29     0.0120    0.0276
        30      31     30     0.1200    0.2766
        31      32     31     0.2100    0.2430
        32      33     32     0.1200    0.0540
        33      34     33     0.1780    0.2340
        34      35     34     0.1780    0.2340
        35      36     35     0.1540    0.1620
        31      37     36     0.1870    0.2610
        37      38     37     0.1330    0.0990
        30      40     38     0.3300    0.1940
        40      41     39     0.3100    0.1940
        41      42     40     0.1300    0.1940
        42      43     41     0.2800    0.1500
        43      44     42     1.1800    0.8500
        44      45     43     0.4200    0.2436
        45      46     44     0.2700    0.0972
        46      47     45     0.3390    0.1221
        47      48     46     0.2700    0.1779
        36      49     47     0.2100    0.1383
        49      50     48     0.1200    0.0789
        50      51     49     0.1500    0.0987
        51      52     50     0.1500    0.0987
        52      53     51     0.2400    0.1581
        53      54     52     0.1200    0.0789
        54      55     53     0.4050    0.1458
        54      56     54     0.4050    0.1458
        30      58     55     0.3910    0.1410
        58      59     56     0.4060    0.1461
        59      60     57     0.4060    0.1461
        60      61     58     0.7060    0.5461
        61      62     59     0.3380    0.1218
        62      63     60     0.3380    0.1218
        63      64     61     0.2070    0.0747
        64      65     62     0.2470    0.8922
         1      66     63     0.0280    0.0418
        66      67     64     0.1170    0.2016
        67      68     65     0.2550    0.0918
        68      69     66     0.2100    0.0759
        69      70     67     0.3830    0.1380
        70      71     68     0.5040    0.3303
        71      72     69     0.4060    0.1461
        72      73     70     0.9620    0.7610
        73      74     71     0.1650    0.0600
        74      75     72     0.3030    0.1092
        75      76     73     0.3030    0.1092
        76      77     74     0.2060    0.1440
        77      78     75     0.2330    0.0840
        78      79     76     0.5910    0.1773
        79      80     77     0.1260    0.0453
        67      81     78     0.5590    0.3687
        81      82     79     0.1860    0.1227
        82      83     80     0.1860    0.1227
        83      84     81     0.2600    0.1390
        84      85     82     0.1540    0.1480
        85      86     83     0.2300    0.1280
        86      87     84     0.2520    0.1060
        87      88     85     0.1800    0.1480
        82      89     86     0.1600    0.1820
        89      90     87     0.2000    0.2300
        90      91     88     0.1600    0.3930
        68      93     89     0.6690    0.2412
        93      94     90     0.2660    0.1227
        94      95     91     0.2660    0.1227
        95      96     92     0.2660    0.1227
        96      97     93     0.2660    0.1227
        97      98     94     0.2330    0.1150
        98      99     95     0.4960    0.1380
        95     100     96     0.1960    0.1800
       100     101     97     0.1960    0.1800
       101     102     98     0.1866    0.1220
       102     103     99     0.0746    0.3180
         1     105    100     0.0625    0.0265
       105     106    101     0.1501    0.2340
       106     107    102     0.1347    0.0888
       107     108    103     0.2307    0.1203
       108     109    104     0.4470    0.1608
       109     110    105     0.1632    0.0588
       110     111    106     0.3300    0.0990
       111     112    107     0.1560    0.0561
       112     113    108     0.3819    0.1374
       113     114    109     0.1626    0.0585
       114     115    110     0.3819    0.1374
       115     116    111     0.2445    0.0879
       115     117    112     0.2088    0.0753
       117     118    113     0.2301    0.0828
       105     119    114     0.6102    0.2196
       119     120    115     0.1866    0.1270
       120     121    116     0.3732    0.2460
       121     122    117     0.4050    0.3670
       122     123    118     0.4890    0.4380
       
        48      27    119     0.5258    0.2925
        17      27    120     0.5258    0.2916
         8      24    121     0.4272    0.1539
        56      45    122     0.4800    0.1728
        65      56    123     0.3600    0.1296
        38      65    124     0.5700    0.5720
         9      42    125     0.5300    0.3348
        61     100    126     0.3957    0.1425
        76      95    127     0.6800    0.6480
        91      78    128     0.4062    0.1464
       103      80    129     0.4626    0.1674
       113      86    130     0.6510    0.2340
       110      89    131     0.8125    0.2925
       115     123    132     0.7089    0.2553
        25      36    133     0.5000    0.5000
       

